-1.205591E+00 1.125142E-01 -3.583567E-02 -4.197082E-01 2.782329E-01 3.833658E-16 5.394909E-16 8.142368E-16 
1.125142E-01 1.200597E+00 3.469877E-01 -3.588789E-01 4.284492E-01 1.180131E-15 -1.365241E-16 8.616590E-16 
-3.583567E-02 3.469877E-01 -6.544466E-01 -1.197666E+00 -2.028533E-01 1.496328E-16 -5.086947E-16 -2.578520E-16 
-4.197082E-01 -3.588789E-01 -1.197666E+00 1.909036E-01 3.122843E-01 6.654452E-16 -5.419223E-16 2.880502E-16 
2.782329E-01 4.284492E-01 -2.028533E-01 3.122843E-01 2.468536E+00 2.060449E-15 -3.352042E-16 3.652944E-15 
3.892112E-16 1.180431E-15 2.068167E-16 6.221579E-16 1.919162E-15 -7.214287E-01 3.444728E-01 3.678532E-01 
5.373919E-16 -2.625636E-16 -4.503092E-16 -6.005779E-16 -2.293888E-16 3.444728E-01 -5.276190E-01 -1.436885E+00 
8.396062E-16 8.291978E-16 -2.914335E-16 2.480655E-16 3.649858E-15 3.678532E-01 -1.436885E+00 -7.509523E-01 
