2.369687E-01 3.173885E-01 -2.622635E-01 -8.108416E-02 6.871871E-02 2.965301E-17 1.486731E-16 3.111811E-16 
3.173885E-01 4.251003E-01 -3.512677E-01 -1.086016E-01 9.203971E-02 3.971632E-17 1.991281E-16 4.167863E-16 
-2.622635E-01 -3.512677E-01 2.902585E-01 8.973937E-02 -7.605399E-02 -3.281827E-17 -1.645429E-16 -3.443977E-16 
-8.108416E-02 -1.086016E-01 8.973937E-02 2.774477E-02 -2.351365E-02 -1.014644E-17 -5.087183E-17 -1.064776E-16 
6.871871E-02 9.203971E-02 -7.605399E-02 -2.351365E-02 1.992779E-02 8.599097E-18 4.311380E-17 9.023963E-17 
2.965301E-17 3.971632E-17 -3.281827E-17 -1.014644E-17 8.599097E-18 3.710621E-33 1.860416E-32 3.893956E-32 
1.486731E-16 1.991281E-16 -1.645429E-16 -5.087183E-17 4.311380E-17 1.860416E-32 9.327679E-32 1.952336E-31 
3.111811E-16 4.167863E-16 -3.443977E-16 -1.064776E-16 9.023963E-17 3.893956E-32 1.952336E-31 4.086349E-31 
