2.620305E-03 -2.409659E-02 -1.019524E-02 -2.099491E-02 3.857543E-02 -1.084202E-17 -5.334275E-17 -1.353084E-16 
-2.409659E-02 2.215946E-01 9.375645E-02 1.930713E-01 -3.547436E-01 -6.591949E-17 2.636780E-16 -8.049117E-16 
-1.019524E-02 9.375645E-02 3.966826E-02 8.168827E-02 -1.500916E-01 1.734723E-17 1.769418E-16 2.359224E-16 
-2.099491E-02 1.930713E-01 8.168827E-02 1.682195E-01 -3.090815E-01 -6.938894E-18 3.018419E-16 -8.326673E-17 
3.857543E-02 -3.547436E-01 -1.500916E-01 -3.090815E-01 5.678974E-01 1.040834E-17 -5.620504E-16 1.110223E-16 
-1.084202E-17 -6.591949E-17 1.734723E-17 -6.938894E-18 1.040834E-17 6.245036E-03 8.760511E-03 7.828977E-02 
-5.334275E-17 2.636780E-16 1.769418E-16 3.018419E-16 -5.620504E-16 8.760511E-03 1.228921E-02 1.098246E-01 
-1.353084E-16 -8.049117E-16 2.359224E-16 -8.326673E-17 1.110223E-16 7.828977E-02 1.098246E-01 9.814658E-01 
