2.453593E-01 -1.153158E-01 -7.469152E-03 3.953536E-01 1.244997E-01 1.387779E-16 3.330669E-16 -5.551115E-17 
-1.153158E-01 5.419698E-02 3.510407E-03 -1.858112E-01 -5.851329E-02 -2.012279E-16 -4.024558E-16 6.591949E-17 
-7.469152E-03 3.510407E-03 2.273736E-04 -1.203523E-02 -3.789980E-03 1.739060E-16 3.295975E-16 -5.074066E-17 
3.953536E-01 -1.858112E-01 -1.203523E-02 6.370430E-01 2.006094E-01 -1.665335E-16 -1.665335E-16 2.775558E-17 
1.244997E-01 -5.851329E-02 -3.789980E-03 2.006094E-01 6.317336E-02 1.526557E-16 3.191891E-16 -5.204170E-17 
1.387779E-16 -2.012279E-16 1.739060E-16 -1.665335E-16 1.526557E-16 2.114581E-01 4.036036E-01 -6.203028E-02 
3.330669E-16 -4.024558E-16 3.295975E-16 -1.665335E-16 3.191891E-16 4.036036E-01 7.703456E-01 -1.183953E-01 
-5.551115E-17 6.591949E-17 -5.074066E-17 2.775558E-17 -5.204170E-17 -6.203028E-02 -1.183953E-01 1.819630E-02 
