4.409306E-01 -2.957396E-02 4.208912E-01 -2.510691E-01 -7.383172E-02 -4.741782E-16 -1.936825E-16 0.000000E+00 
-2.957396E-02 1.983576E-03 -2.822988E-02 1.683963E-02 4.952018E-03 3.180393E-17 1.299061E-17 0.000000E+00 
4.208912E-01 -2.822988E-02 4.017625E-01 -2.396585E-01 -7.047621E-02 -4.526277E-16 -1.848800E-16 0.000000E+00 
-2.510691E-01 1.683963E-02 -2.396585E-01 1.429606E-01 4.204032E-02 2.700005E-16 1.102842E-16 0.000000E+00 
-7.383172E-02 4.952018E-03 -7.047621E-02 4.204032E-02 1.236277E-02 7.939887E-17 3.243121E-17 0.000000E+00 
-4.741782E-16 3.180393E-17 -4.526277E-16 2.700005E-16 7.939887E-17 5.099327E-31 2.082868E-31 0.000000E+00 
-1.936825E-16 1.299061E-17 -1.848800E-16 1.102842E-16 3.243121E-17 2.082868E-31 8.507666E-32 0.000000E+00 
0.000000E+00 0.000000E+00 0.000000E+00 0.000000E+00 0.000000E+00 0.000000E+00 0.000000E+00 0.000000E+00 
