4.867943E-01 6.519972E-01 -5.387564E-01 -1.665676E-01 1.411658E-01 6.091486E-17 3.054125E-16 6.392456E-16 
-1.925112E-01 3.854378E-01 3.661171E-01 1.096181E-01 4.102674E-01 -6.254186E-01 3.296705E-01 1.299889E-02 
-1.925112E-01 3.854378E-01 3.661171E-01 1.096181E-01 4.102674E-01 6.254186E-01 -3.296705E-01 -1.299889E-02 
3.619603E-02 -3.328623E-01 -1.408337E-01 -2.900168E-01 5.328683E-01 -5.587949E-02 -7.838753E-02 -7.005233E-01 
3.619603E-02 -3.328623E-01 -1.408337E-01 -2.900168E-01 5.328683E-01 5.587949E-02 7.838753E-02 7.005233E-01 
3.502566E-01 -1.646162E-01 -1.066240E-02 5.643771E-01 1.777264E-01 3.251601E-01 6.206229E-01 -9.538423E-02 
3.502566E-01 -1.646162E-01 -1.066240E-02 5.643771E-01 1.777264E-01 -3.251601E-01 -6.206229E-01 9.538423E-02 
-6.640261E-01 4.453735E-02 -6.338474E-01 3.781013E-01 1.111880E-01 7.140958E-16 2.916790E-16 0.000000E+00 
